935 935
115 112115
300978 302354
75 110011
210386 208208
4739 8910
564999 562300
259001 269002
999999 999209
5450 18090
1337 13337
202999 204000
161450 161530
389111 391473
408222 408200
420000 419900
878787 880828
969699 970888
4 111444
213322 225507
192845 200777
242198 242197
330143 340143
361565 363115
1001 2501
477777 467676
531222 536121
525525 530530
8080 1
834789 836201
850943 850600
888888 887766
725123 723999
666666 666222
680304 684300
184984 189448
239305 239935
214430 222222
269962 268800
135555 137777
80 8000
9999 990
300000 293847
476543 467543
546203 552212
604707 590439
608203 609304
859803 860746
925000 927000
525 725
862095 863509
817208 816935
935115 935935
765432 767890
696999 697989
632842 635903
604712 604711
577577 579135
110099 109
409077 415000
426000 426200
271271 275275
148932 138490
202202 201669
70 7007
358844 358355
400000 393393
500000 498887
622111 620999
725300 724000
723935 720935
115935 131313
193333 200731
205489 206984
940420 939500
932000 932050
911115 910300
616 116
907007 906207
886666 886777
853149 853941
780400 780700
720720 719458
638781 638103
558943 554902
340935 340935
242245 242300
9335 6335
2 2004
246108 254620
333999 323301
292929 302010
495264 494121
590031 600227
645800 646105
402204 393393
259207 261858
202659 204005
89 7
135500 137721
186666 186555
956989 957115
997600 997400
862268 863368
770001 773691
648789 649119
591804 601805
480501 483559
379991 381403
256653 258104
16922 18801
20971 55913
69 6969
437437 444444
622220 621970
